y=[13359 13469; 13405 13473; 12913 12999; 12260 12310; 11610 11647;];